Precision: 0.8783783783783784
Recall: 0.9027777777777778
F1: 0.8904109589041096