Precision: 0.6355555555555555
Recall: 0.9930555555555556
F1: 0.7750677506775068
