Precision: 0.7019867549668874
Recall: 0.8548387096774194
F1: 0.7709090909090909