Precision: 0.782051282051282
Recall: 0.8652482269503546
F1: 0.8215488215488216



